>Prime5Splice
0.38	0.62	0.12	0.009615385	0.009615385	0.71	0.73	0.11	0.21								
0.31	0.1	0.04	0.009615385	0.009615385	0.02	0.06	0.06	0.1								
0.18	0.12	0.77	0.971153846	0.009615385	0.24	0.08	0.75	0.14								
0.13	0.16	0.07	0.009615385	0.971153846	0.03	0.13	0.08	0.55								
>Prime3Splice
0.15	0.14	0.13	0.11	0.1	0.1	0.11	0.12	0.13	0.11	0.1	0.262626263	0.07	0.971153846	0.009615385	0.26	0.24
0.24	0.21	0.2	0.22	0.21	0.22	0.25	0.28	0.28	0.25	0.22	0.252525253	0.55	0.009615385	0.009615385	0.11	0.15
0.1	0.12	0.1	0.09	0.1	0.09	0.1	0.1	0.08	0.05	0.05	0.151515152	0.01	0.009615385	0.971153846	0.5	0.2
0.51	0.53	0.57	0.58	0.59	0.59	0.54	0.5	0.51	0.59	0.63	0.333333333	0.37	0.009615385	0.009615385	0.13	0.41
>BranchSite
0.25	0.25	0.009615385	0.009615385	0.39	0.971153846	0.18										
0.19	0.22	0.586538462	0.028846154	0.24	0.009615385	0.33										
0.15	0.17	0.009615385	0.009615385	0.32	0.009615385	0.03										
0.41	0.36	0.394230769	0.951923077	0.05	0.009615385	0.46										
